# Trs :
# 
1.001e+00
1.001e+00
1.001e+00
1.001e+00
1.001e+00
1.001e+00
1.001e+00
1.001e+00
1.001e+00
1.001e+00
1.001e+00
1.001e+00
1.001e+00
1.001e+00
1.001e+00
1.001e+00
1.001e+00
1.001e+00
1.001e+00
1.001e+00
1.001e+00
1.001e+00
1.001e+00
1.001e+00
1.001e+00
1.001e+00
1.001e+00
1.001e+00
1.001e+00
1.001e+00
1.001e+00
1.001e+00
1.001e+00
1.001e+00
1.001e+00
1.001e+00
1.001e+00
1.001e+00
1.001e+00
1.001e+00
1.001e+00
1.001e+00
1.001e+00
1.001e+00
1.001e+00
1.001e+00
1.001e+00
1.001e+00
1.001e+00
1.001e+00
1.001e+00
1.001e+00
1.001e+00
1.001e+00
1.001e+00
1.001e+00
1.001e+00
1.001e+00
1.001e+00
1.001e+00
1.001e+00
1.001e+00
1.001e+00
1.001e+00
1.001e+00
1.001e+00
1.001e+00
1.001e+00
1.001e+00
1.001e+00
1.001e+00
1.001e+00
1.001e+00
1.001e+00
1.001e+00
1.001e+00
1.001e+00
1.001e+00
1.001e+00
1.001e+00
1.001e+00
1.001e+00
1.001e+00
1.001e+00
1.001e+00
1.001e+00
1.001e+00
1.001e+00
1.001e+00
1.001e+00
1.001e+00
1.001e+00
1.001e+00
1.001e+00
1.001e+00
1.001e+00
1.001e+00
1.001e+00
1.001e+00
1.001e+00
1.001e+00
1.001e+00
1.001e+00
1.001e+00
1.001e+00
1.001e+00
1.001e+00
1.001e+00
1.001e+00
1.001e+00
1.001e+00
1.001e+00
1.001e+00
1.001e+00
1.001e+00
1.001e+00
1.001e+00
1.001e+00
1.001e+00
1.001e+00
1.001e+00
1.001e+00
1.001e+00
1.001e+00
1.001e+00
1.001e+00
1.001e+00
1.001e+00
1.001e+00
1.001e+00
1.001e+00
1.001e+00
1.001e+00
1.001e+00
1.001e+00
1.001e+00
1.001e+00
1.001e+00
1.001e+00
1.001e+00
1.001e+00
1.001e+00
1.001e+00
1.001e+00
1.001e+00
1.001e+00
1.001e+00
1.001e+00
1.001e+00
1.001e+00
1.001e+00
1.001e+00
1.001e+00
1.001e+00
1.001e+00
1.001e+00
1.001e+00
1.001e+00
1.001e+00
1.001e+00
1.001e+00
1.001e+00
1.001e+00
1.000e+00
1.000e+00
1.000e+00
1.000e+00
1.000e+00
1.000e+00
1.000e+00
1.000e+00
1.000e+00
1.000e+00
1.000e+00
1.000e+00
1.000e+00
1.000e+00
1.000e+00
1.000e+00
1.000e+00
1.000e+00
1.000e+00
1.000e+00
1.000e+00
1.000e+00
1.000e+00
1.000e+00
1.000e+00
1.000e+00
1.000e+00
1.000e+00
1.000e+00
1.000e+00
1.000e+00
1.000e+00
1.000e+00
1.000e+00
1.000e+00
1.000e+00
1.000e+00
1.000e+00
1.000e+00
1.000e+00
1.000e+00
1.000e+00
9.999e-01
9.999e-01
9.999e-01
9.999e-01
9.999e-01
9.999e-01
9.999e-01
9.999e-01
9.998e-01
9.998e-01
9.998e-01
9.998e-01
9.998e-01
9.998e-01
9.998e-01
9.998e-01
9.998e-01
9.997e-01
9.997e-01
9.997e-01
9.997e-01
9.997e-01
9.997e-01
9.997e-01
9.997e-01
9.996e-01
9.996e-01
9.996e-01
9.996e-01
9.996e-01
9.996e-01
9.996e-01
9.996e-01
9.996e-01
9.995e-01
9.995e-01
9.995e-01
9.995e-01
9.995e-01
9.995e-01
9.995e-01
9.995e-01
9.995e-01
9.994e-01
9.994e-01
9.994e-01
9.994e-01
9.994e-01
9.994e-01
9.994e-01
9.994e-01
9.994e-01
9.994e-01
9.993e-01
9.993e-01
9.993e-01
9.993e-01
9.993e-01
9.993e-01
9.993e-01
9.993e-01
9.993e-01
9.993e-01
9.992e-01
9.992e-01
9.992e-01
9.992e-01
9.992e-01
9.992e-01
9.992e-01
9.992e-01
9.992e-01
9.992e-01
9.992e-01
9.991e-01
9.991e-01
9.991e-01
9.991e-01
9.991e-01
9.991e-01
9.991e-01
9.991e-01
9.991e-01
9.991e-01
9.991e-01
9.991e-01
9.990e-01
9.990e-01
9.990e-01
9.990e-01
9.990e-01
9.990e-01
9.990e-01
9.990e-01
9.990e-01
9.990e-01
9.990e-01
9.990e-01
9.990e-01
9.989e-01
9.989e-01
9.989e-01
9.989e-01
9.989e-01
9.989e-01
9.989e-01
9.989e-01
9.989e-01
9.989e-01
9.989e-01
9.989e-01
9.989e-01
9.989e-01
9.989e-01
9.988e-01
9.988e-01
9.988e-01
9.988e-01
9.988e-01
9.988e-01
9.988e-01
9.988e-01
9.988e-01
9.988e-01
9.988e-01
9.988e-01
9.988e-01
9.988e-01
9.988e-01
9.988e-01
9.988e-01
9.988e-01
9.987e-01
9.987e-01
9.987e-01
9.987e-01
9.987e-01
9.987e-01
9.987e-01
9.987e-01
9.987e-01
9.987e-01
9.987e-01
9.987e-01
9.987e-01
9.987e-01
9.987e-01
9.987e-01
9.987e-01
9.987e-01
9.987e-01
9.987e-01
9.987e-01
9.987e-01
9.987e-01
9.987e-01
9.986e-01
9.986e-01
9.986e-01
9.986e-01
9.986e-01
9.986e-01
9.986e-01
9.986e-01
9.986e-01
9.986e-01
9.986e-01
9.986e-01
9.986e-01
9.986e-01
9.986e-01
9.986e-01
9.986e-01
9.986e-01
9.986e-01
9.986e-01
9.986e-01
9.986e-01
9.986e-01
9.986e-01
9.986e-01
9.986e-01
9.986e-01
9.986e-01
9.986e-01
9.986e-01
9.986e-01
9.986e-01
9.986e-01
9.986e-01
9.986e-01
9.986e-01
9.986e-01
9.986e-01
9.986e-01
9.986e-01
9.986e-01
9.986e-01
9.986e-01
9.986e-01
9.986e-01
9.986e-01
9.986e-01
9.986e-01
9.986e-01
9.986e-01
9.986e-01
9.986e-01
9.986e-01
9.986e-01
9.986e-01
9.986e-01
9.986e-01
9.986e-01
9.986e-01
9.986e-01
9.986e-01
9.986e-01
9.986e-01
9.986e-01
9.986e-01
9.986e-01
9.986e-01
9.986e-01
9.986e-01
9.986e-01
9.986e-01
9.986e-01
9.986e-01
9.986e-01
9.986e-01
9.986e-01
9.986e-01
9.986e-01
9.986e-01
9.986e-01
9.986e-01
9.986e-01
9.986e-01
9.986e-01
9.986e-01
9.986e-01
9.986e-01
9.986e-01
9.986e-01
9.986e-01
9.986e-01
9.986e-01
9.986e-01
9.986e-01
9.986e-01
9.986e-01
9.986e-01
9.986e-01
9.986e-01
9.986e-01
9.986e-01
9.986e-01
9.986e-01
9.986e-01
9.986e-01
9.986e-01
9.986e-01
9.986e-01
9.986e-01
9.986e-01
9.986e-01
9.986e-01
9.986e-01
9.986e-01
9.986e-01
9.986e-01
9.986e-01
9.986e-01
9.986e-01
9.986e-01
9.986e-01
9.986e-01
9.987e-01
9.987e-01
9.987e-01
9.987e-01
9.987e-01
9.987e-01
9.987e-01
9.987e-01
9.987e-01
9.987e-01
9.987e-01
9.987e-01
9.987e-01
9.987e-01
9.987e-01
9.987e-01
9.987e-01
9.987e-01
9.987e-01
9.987e-01
9.987e-01
9.987e-01
9.987e-01
9.987e-01
9.987e-01
9.987e-01
9.987e-01
9.987e-01
9.987e-01
9.987e-01
9.987e-01
9.988e-01
9.988e-01
9.988e-01
9.988e-01
9.988e-01
9.988e-01
9.988e-01
9.988e-01
9.988e-01
9.988e-01
9.988e-01
9.988e-01
9.988e-01
9.988e-01
9.988e-01
9.988e-01
9.988e-01
9.988e-01
9.988e-01
9.988e-01
9.988e-01
9.988e-01
9.988e-01
9.988e-01
9.988e-01
9.989e-01
9.989e-01
9.989e-01
9.989e-01
9.989e-01
9.989e-01
9.989e-01
9.989e-01
9.989e-01
9.989e-01
9.989e-01
9.989e-01
9.989e-01
9.989e-01
9.989e-01
9.989e-01
9.989e-01
9.989e-01
9.989e-01
9.989e-01
9.989e-01
9.989e-01
9.990e-01
9.990e-01
9.990e-01
9.990e-01
9.990e-01
9.990e-01
9.990e-01
9.990e-01
9.990e-01
9.990e-01
9.990e-01
9.990e-01
9.990e-01
9.990e-01
9.990e-01
9.990e-01
9.990e-01
9.990e-01
9.990e-01
9.990e-01
9.990e-01
9.991e-01
9.991e-01
9.991e-01
9.991e-01
9.991e-01
9.991e-01
9.991e-01
9.991e-01
9.991e-01
9.991e-01
9.991e-01
9.991e-01
9.991e-01
9.991e-01
9.991e-01
9.991e-01
9.991e-01
9.991e-01
9.991e-01
9.992e-01
9.992e-01
9.992e-01
9.992e-01
9.992e-01
9.992e-01
9.992e-01
9.992e-01
9.992e-01
9.992e-01
9.992e-01
9.992e-01
9.992e-01
9.992e-01
9.992e-01
9.992e-01
9.992e-01
9.992e-01
9.992e-01
9.993e-01
9.993e-01
9.993e-01
9.993e-01
9.993e-01
9.993e-01
9.993e-01
9.993e-01
9.993e-01
9.993e-01
9.993e-01
9.993e-01
9.993e-01
9.993e-01
9.993e-01
9.993e-01
9.993e-01
9.993e-01
9.993e-01
9.994e-01
9.994e-01
9.994e-01
9.994e-01
9.994e-01
9.994e-01
9.994e-01
9.994e-01
9.994e-01
9.994e-01
9.994e-01
9.994e-01
9.994e-01
9.994e-01
9.994e-01
9.994e-01
9.994e-01
9.994e-01
9.995e-01
9.995e-01
9.995e-01
9.995e-01
9.995e-01
9.995e-01
9.995e-01
9.995e-01
9.995e-01
9.995e-01
9.995e-01
9.995e-01
9.995e-01
9.995e-01
9.995e-01
9.995e-01
9.995e-01
9.995e-01
9.996e-01
9.996e-01
9.996e-01
9.996e-01
9.996e-01
9.996e-01
9.996e-01
9.996e-01
9.996e-01
9.996e-01
9.996e-01
9.996e-01
9.996e-01
9.996e-01
9.996e-01
9.996e-01
9.996e-01
9.996e-01
9.997e-01
9.997e-01
9.997e-01
9.997e-01
9.997e-01
9.997e-01
9.997e-01
9.997e-01
9.997e-01
9.997e-01
9.997e-01
9.997e-01
9.997e-01
9.997e-01
9.997e-01
9.997e-01
9.997e-01
9.997e-01
9.998e-01
9.998e-01
9.998e-01
9.998e-01
9.998e-01
9.998e-01
9.998e-01
9.998e-01
9.998e-01
9.998e-01
9.998e-01
9.998e-01
9.998e-01
9.998e-01
9.998e-01
9.998e-01
9.998e-01
9.998e-01
9.999e-01
9.999e-01
9.999e-01
9.999e-01
9.999e-01
9.999e-01
9.999e-01
9.999e-01
9.999e-01
9.999e-01
9.999e-01
9.999e-01
9.999e-01
9.999e-01
9.999e-01
9.999e-01
9.999e-01
9.999e-01
9.999e-01
1.000e+00
1.000e+00
1.000e+00
1.000e+00
1.000e+00
1.000e+00
1.000e+00
1.000e+00
1.000e+00
1.000e+00
1.000e+00
1.000e+00
1.000e+00
1.000e+00
1.000e+00
1.000e+00
1.000e+00
1.000e+00
1.000e+00
1.000e+00
1.000e+00
1.000e+00
1.000e+00
1.000e+00
1.000e+00
1.000e+00
1.000e+00
1.000e+00
1.000e+00
1.000e+00
1.000e+00
1.000e+00
1.000e+00
1.000e+00
1.000e+00
1.000e+00
1.000e+00
1.000e+00
1.000e+00
1.000e+00
1.000e+00
1.000e+00
1.000e+00
1.000e+00
1.000e+00
1.000e+00
1.000e+00
1.000e+00
1.000e+00
1.000e+00
1.000e+00
1.000e+00
